1 1 0.001646
1 2 0.345077
1 4 0.358727
1 8 0.386969
1 16 0.311022
1 32 0.322895
1 64 0.387207
1 128 0.315114
1 256 0.407592
1 512 0.354480
1 1024 0.342162
2 1 0.440939
2 2 0.469810
2 4 0.503170
2 8 0.723113
2 16 1.370447
2 32 1.829497
2 64 2.771717
2 128 5.377582
2 256 10.057117
2 512 13.847397
2 1024 28.020740
4 1 0.564940
4 2 0.630981
4 4 0.820593
4 8 1.527321
4 16 2.102884
4 32 3.738885
4 64 6.198736
4 128 11.753253
4 256 22.303782
4 512 40.524233
4 1024 71.596456
8 1 1.129682
8 2 1.186342
8 4 1.831941
8 8 3.204100
8 16 5.161344
8 32 8.767962
8 64 15.358530
8 128 29.293978
8 256 57.928680
8 512 108.911897
8 1024 218.110088
16 1 1.784161
16 2 2.730465
16 4 5.107901
16 8 8.379161
16 16 16.849041
16 32 27.974756
16 64 58.392814
16 128 106.625658
16 256 211.489471
16 512 552.295917
16 1024 1018.075336
